31059   
73209   
9805    
75679   
49664   
62408   
81689   
64800   
78092   
60334   
69992   
35968   
57434   
38391   
50347   
36400   
35528   
90078   
60111   
38719   
6227    
72230   
68881   
7211    
37268   
36010   
31606   
42461   
25896   
9146    
45199   
88086   
4374    
36729   
67024   
22083   
19352   
26139   
8461    
89976   
63642   
37168   
38376   
92804   
95915   
29070   
2877    
85265   
97901   
32295   
95915   
67129   
98110   
17744   
85874   
42926   
39816   
79206   
66196   
20165   
8461    
22083   
92804   
84609   
21007   
2027    
96328   
98813   
92491   
74520   
17465   
6227    
8461    
25606   
73849   
27936   
69195   
92188   
38905   
78537   
57334   
54190   
37268   
64209   
27172   
31059   
86884   
14474   
92804   
38391   
5809    
83904   
26952   
47154   
71969   
88398   
38372   
74749   
22083   
22083   
35321   
87623   
38372   
7909    
31606   
5953    
91401   
38372   
16814   
57847   
28371   
41832   
38372   
73849   
62369   
87      
87164   
66014   
89862   
4074    
62369   
18178   
98892   
48275   
81643   
32684   
32502   
22413   
62369   
22083   
40055   
85532   
65793   
77131   
92633   
26911   
22083   
79019   
26054   
190     
7220    
14775   
38391   
25884   
8198    
22083   
72230   
46683   
5850    
78270   
72551   
5795    
54648   
25606   
22872   
47523   
56509   
22481   
16814   
97901   
92284   
59042   
25446   
54391   
96583   
93427   
13033   
13116   
96583   
4374    
97351   
47917   
49087   
91401   
60658   
93901   
39532   
22083   
35968   
4664    
69195   
85046   
27636   
82805   
95312   
73130   
62408   
5269    
12940   
6825    
15556   
12391   
92188   
36738   
33757   
15556   
24620   
93850   
40574   
90737   
32048   
79910   
70897   
56222   
12589   
62369   
87794   
72910   
54391   
27157   
41321   
47230   
48251   
34451   
2877    
65270   
83071   
89987   
10686   
93901   
19904   
89406   
49087   
19703   
95530   
36115   
67349   
74264   
80702   
50136   
95915   
52301   
72082   
59533   
61799   
20966   
16056   
72230   
19219   
99002   
70187   
15374   
65793   
44393   
34865   
79170   
80496   
87006   
36738   
91401   
93831   
27157   
78071   
95312   
17417   
17001   
83680   
69747   
41321   
10509   
92188   
83256   
93610   
38391   
63815   
26557   
93849   
67969   
75179   
7252    
17927   
92804   
92394   
79019   
71969   
39384   
1916    
89440   
85097   
35321   
19062   
4435    
51453   
49950   
6227    
27157   
28413   
25502   
90078   
28937   
10509   
22083   
27157   
1916    
92188   
69571   
59042   
43856   
68070   
1296    
89691   
39296   
8296    
73130   
19219   
50902   
64300   
22083   
38177   
74748   
57369   
13718   
64945   
5982    
88655   
27157   
22083   
91241   
59271   
80565   
31059   
48703   
84252   
63765   
45474   
87278   
79859   
61595   
6874    
46317   
40364   
72230   
38372   
69195   
48189   
22083   
22083   
1197    
57369   
70187   
57971   
48813   
55964   
64205   
38372   
32299   
22083   
37186   
55244   
40201   
46505   
70187   
57877   
61868   
87623   
59042   
6227    
21183   
75679   
93901   
36372   
62408   
85265   
91268   
92284   
61595   
15556   
44393   
16814   
88659   
37224   
86615   
8453    
55403   
65176   
42272   
63703   
75771   
34568   
25502   
46767   
21335   
16814   
8461    
36332   
67151   
72848   
62287   
68268   
90772   
27157   
52024   
17927   
63270   
97327   
18838   
29956   
24509   
84132   
27992   
44294   
64284   
13576   
41321   
49882   
33842   
5841    
39653   
64945   
81585   
28293   
89976   
93901   
5305    
96910   
17927   
21618   
89828   
89976   
19904   
33573   
20380   
36010   
46186   
27823   
61595   
61575   
34914   
85874   
93528   
17854   
56222   
73130   
74036   
99382   
2877    
62369   
74715   
15556   
15556   
32048   
32684   
17882   
64250   
75679   
72848   
42066   
39984   
85937   
69195   
87623   
70825   
76915   
22083   
69195   
17161   
33842   
87322   
92457   
17927   
22083   
70786   
88114   
22884   
59042   
96583   
8461    
51584   
79206   
13116   
91401   
37591   
52178   
49664   
49664   
35321   
2539    
709     
32048   
18031   
88708   
18200   
13922   
1699    
18637   
65870   
22083   
38372   
29517   
8198    
49882   
81756   
60090   
856     
89204   
96583   
55597   
48275   
75322   
15962   
88086   
55476   
93901   
31161   
92655   
35528   
64945   
85096   
9921    
43383   
93528   
30548   
19448   
48813   
95116   
88781   
2877    
44029   
34931   
61560   
91220   
74405   
90068   
57438   
6519    
32443   
27157   
17882   
25353   
67024   
72230   
67750   
45236   
38241   
56222   
35968   
67045   
93610   
39903   
32048   
15721   
37345   
95885   
72659   
21934   
72230   
22083   
85265   
67349   
77804   
21847   
88655   
41792   
90068   
25482   
78881   
36738   
32048   
37268   
15339   
75225   
15556   
93849   
25896   
33672   
16814   
73849   
74520   
74520   
60712   
95867   
89976   
92134   
856     
29054   
21618   
78881   
17744   
44585   
4875    
89976   
69195   
86615   
49887   
22872   
84609   
65237   
86546   
75123   
92804   
22083   
46011   
90048   
89976   
79859   
34914   
22413   
52675   
45133   
46025   
38372   
87623   
83029   
23045   
217     
22083   
54391   
84069   
709     
21145   
50902   
64230   
17882   
1699    
67129   
65879   
92284   
70386   
94370   
22083   
17161   
96092   
65877   
73849   
95752   
12444   
99137   
1699    
32048   
50359   
10216   
13116   
23045   
37268   
81524   
19665   
63654   
62961   
82674   
87642   
89828   
66877   
91491   
27172   
27991   
12527   
98110   
88398   
38372   
51453   
22528   
45236   
60150   
16814   
5838    
77804   
74520   
89619   
42480   
65870   
36431   
30767   
47957   
44585   
59042   
1699    
93901   
18031   
32443   
47337   
15556   
31891   
32205   
94246   
18031   
79859   
15774   
91401   
63905   
38391   
33774   
64859   
30439   
53531   
32512   
87278   
65678   
15005   
62369   
68062   
54193   
79019   
34914   
93901   
44649   
65139   
93901   
49664   
88655   
96726   
67931   
35321   
34336   
13685   
33303   
13878   
7759    
72230   
59042   
37148   
2081    
38372   
16690   
84630   
12288   
32048   
57877   
31835   
38372   
55459   
88685   
19578   
18031   
78025   
56222   
54881   
70568   
72230   
26645   
99931   
27380   
59042   
14379   
66277   
57971   
32163   
57744   
88545   
50268   
90415   
22083   
8296    
49597   
75743   
24620   
4931    
95752   
7468    
32048   
16814   
10098   
89014   
15067   
42926   
18031   
44393   
67310   
58577   
19448   
86260   
15781   
88086   
92815   
5982    
38372   
51001   
79318   
76166   
41817   
96726   
23393   
24417   
22083   
33534   
59340   
92188   
69465   
56752   
82928   
8870    
14694   
97936   
42431   
74822   
41617   
91159   
87623   
15556   
66684   
28811   
91173   
55964   
84609   
22083   
6825    
52111   
7211    
57369   
89828   
20663   
95530   
92410   
95915   
21165   
60137   
77131   
84132   
60963   
41200   
78279   
15556   
93528   
75983   
46806   
1610    
13922   
68268   
38380   
66555   
39653   
6227    
72230   
63160   
17927   
27992   
44585   
48728   
78146   
63575   
85166   
83842   
93867   
32048   
54193   
74520   
97708   
17882   
9053    
18031   
60078   
88086   
55973   
65176   
59098   
67045   
45318   
16814   
7038    
51726   
67045   
18879   
59042   
68881   
21618   
85940   
96092   
83315   
54391   
63642   
85937   
5795    
96471   
17537   
79435   
91401   
63795   
61139   
25155   
34914   
49882   
31059   
78496   
92804   
8198    
88655   
58528   
24411   
59042   
84609   
3035    
10703   
56222   
97489   
301     
48275   
89014   
74748   
33046   
55244   
38372   
84609   
27157   
63670   
9009    
1916    
1482    
20380   
87316   
40574   
98654   
93528   
54223   
89263   
73220   
91401   
80947   
71066   
22083   
27157   
22083   
66056   
37268   
8938    
35528   
16814   
96726   
41687   
47230   
89168   
73455   
33591   
72230   
97619   
95321   
52178   
38372   
75225   
87585   
62408   
56052   
94929   
22083   
50039   
32048   
25896   
34433   
1642    
8296    
74659   
17882   
72874   
1699    
16056   
17882   
72848   
4368    
6697    
87793   
89204   
15205   
29259   
65865   
91401   
64038   
30533   
64671   
91409   
56617   
92804   
45199   
68881   
44585   
79318   
41617   
72230   
70187   
18031   
37224   
46186   
1699    
68658   
90920   
78881   
47211   
54391   
58317   
34810   
1405    
71313   
11506   
66203   
72850   
48060   
54647   
92457   
32048   
5478    
68881   
39718   
89555   
75679   
34262   
32684   
68881   
62694   
10119   
92804   
66610   
90078   
38241   