21641   8967    18970   41018   23498   
81240   73295   88842   62711   70216   
75374   60041   9348    62620   82215   
1577    12138   83728   2994    5823    
33168   71238   71587   34959   27736   
97473   79683   51066   70578   25678   
95656   99909   97594   8871    86673   
69835   80993   18101   85461   45270   
8666    38279   54743   71970   42420   
6907    77724   2964    91812   8675    
29207   6739    77158   56379   57074   
54503   73456   92805   50413   70164   
53655   79488   44856   53344   22762   
14565   54333   24274   378     39650   
58176   70867   12823   81785   19992   
51593   35458   15388   46962   83267   
6907    77724   2964    91812   8675    
45509   35523   42352   76993   46336   
99283   22065   92170   5467    44644   
47002   96572   88375   63481   72768   
54263   9649    97369   40591   6857    
94236   93192   7493    5628    32860   
74646   40091   63645   12194   59718   
10051   47637   48937   83047   76577   
86318   46328   80711   18504   43892   
61593   73185   60048   36003   49921   
50807   13610   20304   83680   73728   
30316   15695   92645   52869   28996   
83125   98077   211     59940   27160   
52464   43597   36173   22395   15970   
18267   48102   90225   11914   3845    
81087   46343   78823   11848   24846   
91323   94703   73129   59648   21118   
78218   53454   83597   90826   66856   
8695    28052   99409   5141    89703   
69537   6699    30325   29782   32069   
2216    76561   48911   61609   22642   
93314   31258   14185   24427   31781   
75374   60041   9348    62620   82215   
13166   48827   1684    76917   54050   
44372   90232   94198   27454   36707   
30460   23130   56527   94199   37161   
22742   33228   54670   82529   62964   
17889   76180   44059   21817   26373   
14203   58940   70357   20256   32539   
63936   78239   96196   93111   94241   
3387    22419   51968   34930   35927   
59276   78217   89725   11464   87481   
5029    44869   11590   75252   59208   
78218   53454   83597   90826   66856   
82282   82535   20726   38948   84107   
78575   73452   63642   98326   77133   
70176   78964   29991   40940   38727   
69537   6699    30325   29782   32069   
11173   29496   21558   37191   21730   
63936   78239   96196   93111   94241   
24060   25260   76344   39893   36559   
15615   6486    40135   48418   64899   
67626   37729   86541   69453   26196   
41849   31683   66206   42935   63429   
24942   37809   86113   43950   74769   
90423   7977    1999    96035   59136   
19310   4450    96829   94807   33205   
58619   57451   15348   69895   55236   
98304   49826   83231   65928   8617    
25308   18868   58500   23068   87211   
82728   42032   93775   94534   48131   
63111   62311   54902   46095   59071   
33206   84828   18127   28425   42603   
51360   62066   73257   10817   61996   
30229   91162   24436   32917   69174   
99559   91115   70613   31874   61249   
19310   4450    96829   94807   33205   
61593   73185   60048   36003   49921   
83023   65606   23909   2738    1398    
69192   715     10242   88449   91031   
78093   76212   24470   66618   35304   
40624   89264   11566   38261   78305   
59066   41141   79761   11286   54828   
13111   92250   68413   63499   98219   
81866   15517   86062   96825   83991   
3324    8559    15527   10137   30251   
47002   96572   88375   63481   72768   
47095   55731   90296   3994    80175   
42366   6793    99070   48003   9985    
62856   97864   76315   8054    87042   
19255   56433   25875   72816   12562   
18663   6468    47893   21227   45335   
41012   24286   19629   33754   35420   
66493   71031   40784   42885   29038   
12539   43244   39402   4317    58723   
73333   89967   80769   7259    47050   
39142   90922   31689   38056   51530   
12046   1508    81973   8529    83330   
15190   94625   26411   45827   8350    
79041   57233   77549   59853   59269   
10051   47637   48937   83047   76577   
39405   17370   96464   5787    30021   
37473   91520   81451   1532    37783   
69537   6699    30325   29782   32069   
58712   73143   38572   97963   31294   
96288   61826   10949   95381   92060   
47095   55731   90296   3994    80175   
89782   79394   97756   43593   24101   
88825   86607   23541   52202   76168   
38242   89896   85820   75631   42108   
99368   97402   95958   66686   48161   
21950   74113   90842   31145   97616   
22315   60957   42288   16562   90602   
48398   48984   52361   53883   22669   
34946   66304   32666   24651   81542   
86318   46328   80711   18504   43892   
61593   73185   60048   36003   49921   
13597   6515    8947    78611   31876   
19310   4450    96829   94807   33205   
68155   39534   2294    25641   64793   
86318   46328   80711   18504   43892   
10067   42042   88339   67618   57891   
71845   20879   88901   88550   8757    
34810   36837   90079   73274   98132   
25265   31263   96936   74591   82142   
1577    12138   83728   2994    5823    
4750    36136   62541   63830   3557    
61637   67894   64731   74377   49103   
97159   69921   71999   45921   81541   
79354   18942   86216   91884   965     
69935   30973   7570    28479   49811   
61778   39755   68102   70606   74153   
66404   73347   10429   27684   134     
63936   78239   96196   93111   94241   
94648   49077   24073   92229   5945    
52849   29185   21183   31314   62563   
70176   78964   29991   40940   38727   
20058   29006   41177   37686   11775   
7585    28801   95616   73982   13826   
15390   6342    92874   15537   59380   
60492   65929   38112   8265    47811   
44424   53659   11634   84501   19493   
22766   80069   527     14813   71345   
60109   86832   96151   57541   75427   
73722   10743   28619   8643    52712   
58881   328     28490   43858   28145   
81148   15676   61017   17842   68316   
11173   29496   21558   37191   21730   
67445   88707   49172   2954    14366   
869     34359   40409   71187   53949   
70582   58877   81676   93802   74959   
53655   79488   44856   53344   22762   
81914   99174   96860   42243   48345   
26222   4308    42197   44718   81934   
50680   22017   23689   59475   73903   
49502   16588   61639   42211   1805    
41687   93241   69682   79889   57770   
38754   87144   67068   51854   64374   
58619   57451   15348   69895   55236   
23645   84051   45887   89386   54726   
81328   31713   33481   13634   29068   
25308   18868   58500   23068   87211   
43384   70309   93681   39999   72421   
95580   20282   41360   30766   75179   
29714   66471   82237   80766   8747    
4656    85177   37685   76932   15575   
88633   15875   23336   33739   78056   
25308   18868   58500   23068   87211   
40710   24395   9504    23861   54010   
58619   57451   15348   69895   55236   
3746    82738   9248    58855   29817   
71129   11990   96337   29890   6239    
63773   5034    28269   39836   43683   
74556   61507   17502   18057   55876   
76983   75933   69641   93426   8353    
55891   31362   982     23633   66451   
58712   73143   38572   97963   31294   
18440   30772   96980   42768   12665   
29760   97536   137     97016   15133   
33206   84828   18127   28425   42603   
74148   39789   90853   60885   48067   
18245   76097   86163   79718   26828   
26658   54244   72217   35793   85622   
10054   45894   181     39767   90101   
98492   54407   42265   28083   5654    
76898   4232    92723   33943   78200   
33206   84828   18127   28425   42603   
18267   48102   90225   11914   3845    
50828   5428    76707   30404   65508   
98845   46578   45179   21784   59799   
44411   88942   39327   58817   6231    
25359   26378   30979   21629   57772   
92451   55671   23090   46802   99458   
72437   7009    77792   69544   67611   
26478   10202   69086   63245   16654   
76871   5288    76372   49043   41661   
42366   6793    99070   48003   9985    
61593   73185   60048   36003   49921   
54263   9649    97369   40591   6857    
22413   1481    27022   82665   76509   
84907   68725   60877   19779   50398   
82282   82535   20726   38948   84107   
61593   73185   60048   36003   49921   
88825   86607   23541   52202   76168   
8666    38279   54743   71970   42420   
99077   564     33665   74839   9437    
68457   42627   89637   32727   10372   
73803   96710   13931   7297    87708   
83124   61418   83965   54188   76822   
60598   7377    29064   9847    34572   
5454    65943   51589   16935   88564   
9490    91511   44245   64410   8945    
84923   81922   79061   59377   7603    
58619   57451   15348   69895   55236   
36664   92568   96897   46403   61082   
39985   57970   40771   26558   67234   
75374   60041   9348    62620   82215   
46941   20391   17636   57220   73848   
47185   47904   27848   8452    3111    
12157   48349   42187   3905    33122   
93547   99019   52513   26583   73061   
64193   8497    37638   73044   94417   
21047   28509   47678   89094   68181   
61101   93603   46635   50620   81760   
6900    20249   86758   60762   64538   
40514   89883   55760   5850    40677   
62347   64702   94950   42068   65167   
79266   91263   32621   43034   91187   
33206   84828   18127   28425   42603   
33206   84828   18127   28425   42603   
54503   73456   92805   50413   70164   
13045   85974   54261   36677   3434    
54608   47988   76975   13676   25843   
1577    12138   83728   2994    5823    
8723    30383   53559   4473    60809   
71845   20879   88901   88550   8757    
66968   85643   53413   56666   8928    
83522   55909   34942   17231   35493   
49502   16588   61639   42211   1805    
22396   5915    7974    10719   35      
47682   18981   65084   31056   34385   
35935   20098   87495   40024   57136   
37473   91520   81451   1532    37783   
70614   28763   15031   57966   96255   
43065   16862   7925    57495   69131   
78218   53454   83597   90826   66856   
82282   82535   20726   38948   84107   
84791   74654   31385   93628   25458   
28633   28994   80344   43940   40377   
6900    20249   86758   60762   64538   
92077   4112    64998   35101   19383   
11652   61621   84937   39315   48558   
3387    22419   51968   34930   35927   
69869   91815   53868   95974   71653   
58619   57451   15348   69895   55236   
44467   99587   36997   32946   19648   
76898   4232    92723   33943   78200   
29865   20452   66679   59651   87939   
48642   92962   44178   90720   19055   
91194   98621   97682   49065   39125   
15229   19394   63660   13625   9098    
36256   66470   80856   38062   4416    
82898   26934   18745   57816   81919   
81902   40724   984     37343   78204   
14719   26177   3907    36832   95150   
41941   19731   9486    52261   32399   
869     34359   40409   71187   53949   
91194   98621   97682   49065   39125   
7585    28801   95616   73982   13826   
7872    76135   43695   29191   79849   
38766   64052   92683   71434   30212   
69537   6699    30325   29782   32069   
74928   76881   21244   48873   63477   
65235   74919   82079   49976   25649   
58619   57451   15348   69895   55236   
81394   75437   58155   98556   58744   
37141   30144   47942   34872   81463   
74556   61507   17502   18057   55876   
70176   78964   29991   40940   38727   
58881   328     28490   43858   28145   
22352   88339   24812   78008   13589   
84112   13398   1036    22262   2071    
6545    7899    61919   71267   59937   
13111   92250   68413   63499   98219   
42577   70300   94918   85646   12369   
90195   39272   34806   65248   3999    
37141   30144   47942   34872   81463   
74556   61507   17502   18057   55876   
869     34359   40409   71187   53949   
69035   69533   50175   94070   35411   
58619   57451   15348   69895   55236   
10051   47637   48937   83047   76577   
20656   79609   22178   65926   55408   
58619   57451   15348   69895   55236   
1712    77061   91838   85120   70281   
43384   70309   93681   39999   72421   
81914   99174   96860   42243   48345   
86664   1556    40587   44777   53866   
33206   84828   18127   28425   42603   
26090   53520   98850   54917   6436    
13679   31782   28653   55441   97757   
75374   60041   9348    62620   82215   
15956   30821   44827   20027   26411   
58619   57451   15348   69895   55236   
33206   84828   18127   28425   42603   
2052    95955   9446    85101   46249   
87709   8041    21977   42257   80232   
12046   1508    81973   8529    83330   
58619   57451   15348   69895   55236   
92118   17852   74374   93939   80320   
97907   85525   8210    17880   8476    
15811   79916   88806   12843   53546   
52799   50394   65785   52235   62696   
9229    90911   76615   11540   84644   
24942   37809   86113   43950   74769   
33206   84828   18127   28425   42603   
93739   78475   4262    95344   79240   
9532    46819   43222   12232   10039   
30728   63392   25419   30527   37273   
9490    91511   44245   64410   8945    
68457   42627   89637   32727   10372   
15956   30821   44827   20027   26411   
66857   81059   16987   45263   2247    
39800   7440    66258   11762   68029   
82296   95693   12137   92839   83718   
37409   30465   44535   71995   2015    
31385   30411   85440   44075   59775   
77522   81277   77240   16903   60938   
49502   16588   61639   42211   1805    
69537   6699    30325   29782   32069   
61593   73185   60048   36003   49921   
50828   5428    76707   30404   65508   
88511   94858   10005   70140   84949   
27027   42256   70586   26648   91078   
29840   88815   87607   58770   44501   
15388   61795   87380   25805   45544   
1577    12138   83728   2994    5823    
16494   63773   94116   12496   52131   
34473   18707   36720   48318   98523   
96591   50939   61171   59725   74359   
87527   12930   89728   6696    36917   
61635   39571   36514   19470   10632   
97613   1943    23965   93437   90862   
58619   57451   15348   69895   55236   
20817   23440   27900   2681    3471    
99283   22065   92170   5467    44644   
70614   28763   15031   57966   96255   
8903    19181   99858   28236   94479   
49502   16588   61639   42211   1805    
74376   57265   10597   76964   74369   
41670   92425   62894   71733   87255   
43453   24619   68257   30272   26783   
39533   73885   24574   23532   8473    
29840   88815   87607   58770   44501   
57335   67426   46689   59083   366     
75374   60041   9348    62620   82215   
82773   62518   26756   78056   65574   
82282   82535   20726   38948   84107   
48538   11576   38029   97310   65936   
65875   53758   3228    82666   26640   
99283   22065   92170   5467    44644   
48642   92962   44178   90720   19055   
28779   61213   35779   85570   95318   
25265   31263   96936   74591   82142   
46251   18441   74683   96062   66083   
49230   53895   38063   21392   99797   
97226   26271   59600   94811   21558   
67339   55239   61861   53559   31557   
53655   79488   44856   53344   22762   
25308   18868   58500   23068   87211   
75451   97377   31845   17468   51707   
59066   41141   79761   11286   54828   
86318   46328   80711   18504   43892   
13045   85974   54261   36677   3434    
39725   82693   74030   84588   51063   
83023   65606   23909   2738    1398    
80723   59002   51096   39600   13035   
35948   89839   85573   74423   35918   
61833   60969   88212   29246   59848   
81148   15676   61017   17842   68316   
91609   96242   69343   74301   10452   
77021   22944   48747   58877   16254   
72725   18592   81299   98385   95948   
58619   57451   15348   69895   55236   
53750   89177   62971   11665   20355   
68612   42016   15451   22227   19008   
84578   92386   57911   43405   73179   
21753   67414   73612   96996   18628   
98659   95084   1242    95524   10937   
7841    65541   36994   7098    14415   
40514   89883   55760   5850    40677   
38995   61860   34654   13094   52444   
1577    12138   83728   2994    5823    
62738   26054   93613   87022   74522   
37564   62767   27363   58616   7396    
14565   54333   24274   378     39650   
25308   18868   58500   23068   87211   
65115   64415   99738   48030   8007    
82172   47344   828     1682    2541    
59797   4225    24382   98705   78799   
43022   48126   10851   82290   70133   
82282   82535   20726   38948   84107   
21274   8841    52974   79789   16482   
7309    11384   72895   97029   58707   
78599   93466   95351   22119   57762   
33206   84828   18127   28425   42603   
93003   47046   58601   59841   95699   
45759   13708   89070   54837   56228   
50078   4363    98257   73959   13570   
1148    24199   15641   29858   74062   
59871   46312   2278    79633   12464   
21238   79220   1109    9499    42381   
25900   30037   24022   6105    77058   
22681   5483    82857   45773   38030   
61593   73185   60048   36003   49921   
17735   64811   23518   49591   76989   
58619   57451   15348   69895   55236   
69935   30973   7570    28479   49811   
63299   17717   75938   10671   42079   
79336   31014   87589   60736   92749   
31218   97016   36349   93133   67535   
37430   19307   57867   97663   79761   
5893    88148   79700   32932   264     
18663   6468    47893   21227   45335   
67037   98894   24882   63025   92538   
63773   5034    28269   39836   43683   
72281   2781    85315   91864   70247   
63773   5034    28269   39836   43683   
64763   87238   99018   87370   41839   
24060   25260   76344   39893   36559   
64608   8755    4540    23644   76453   
48725   36942   30791   91746   5528    
7916    69963   44204   80834   63713   
97907   85525   8210    17880   8476    
14222   18340   34934   16859   47975   
35296   65166   43441   56670   3719    
30728   63392   25419   30527   37273   
62581   73092   29201   37897   80094   
70176   78964   29991   40940   38727   
7876    64805   11969   76232   4219    
20745   46210   53794   34928   50116   
84377   48549   23869   55995   75014   
96082   701     24893   57649   34969   
75324   59276   41246   89001   90979   
99389   52988   32403   88068   842     
69537   6699    30325   29782   32069   
86318   46328   80711   18504   43892   
13795   71909   49021   59214   63522   
17251   66748   76636   68626   82205   
66118   55197   83977   91738   31156   
43417   28458   75265   82986   88619   
11306   66413   94060   50968   18621   
42283   39298   12477   27858   96754   
98069   34809   31627   36108   8408    
92270   2321    47917   65437   88939   
48667   5730    63629   33167   87266   
98494   65066   10052   75376   72471   
67926   75978   3650    11336   66214   
54575   29817   74007   45496   24425   
42152   14136   2842    42761   18567   
70424   44958   34911   73906   10093   
47185   47904   27848   8452    3111    
68457   42627   89637   32727   10372   
58712   73143   38572   97963   31294   
48445   11736   78103   29946   57105   
65242   33499   91879   48257   73330   
48642   92962   44178   90720   19055   
68457   42627   89637   32727   10372   
82773   62518   26756   78056   65574   
68457   42627   89637   32727   10372   
87731   34015   31923   68153   7615    
48134   31712   71690   81475   41818   
11190   94486   79053   98807   51347   
97159   69921   71999   45921   81541   
91107   73499   18822   66897   29025   
99389   52988   32403   88068   842     
78093   76212   24470   66618   35304   
96082   701     24893   57649   34969   
17581   19636   86856   57884   30473   
57480   97733   84823   32183   61775   
87709   8041    21977   42257   80232   
55397   93946   33780   98258   69145   
869     34359   40409   71187   53949   
42301   22579   99502   31750   96327   
58619   57451   15348   69895   55236   
62753   96063   44238   89196   16174   
16003   25421   79361   59275   29925   
88212   96859   57732   22973   25083   
32476   76426   21035   6891    58335   
40624   89264   11566   38261   78305   
56306   34163   99833   38194   32673   
869     34359   40409   71187   53949   
38766   64052   92683   71434   30212   
44445   74256   63477   42502   69715   
54282   3940    28376   87953   34940   
79619   97960   40859   39896   65556   
82193   64245   17015   5451    80747   
68457   42627   89637   32727   10372   
81394   75437   58155   98556   58744   
83420   44065   65709   41250   41441   
1577    12138   83728   2994    5823    
29083   60769   35598   74105   40414   
63773   5034    28269   39836   43683   
61593   73185   60048   36003   49921   
33474   14230   66819   31153   10276   
52799   50394   65785   52235   62696   
11173   29496   21558   37191   21730   
69537   6699    30325   29782   32069   
10321   34850   91214   28018   93606   
7341    85600   90149   876     60707   
28779   61213   35779   85570   95318   
30460   23130   56527   94199   37161   
52999   49288   56805   94934   51359   
39725   82693   74030   84588   51063   
59687   23269   4163    16399   69814   
84578   92386   57911   43405   73179   
10239   49468   43951   47056   85379   
58619   57451   15348   69895   55236   
57913   35467   66593   7702    44497   
41433   98531   7629    43739   45684   
29932   4758    65862   16680   24982   
12481   2305    57070   59180   94721   
78666   59771   2573    88937   22687   
63410   80325   28523   72547   64068   
61593   73185   60048   36003   49921   
869     34359   40409   71187   53949   
21238   79220   1109    9499    42381   
5082    41089   98963   40618   30640   
24060   25260   76344   39893   36559   
77176   53057   83842   43852   76429   
45300   93384   98179   58086   7063    
29391   68457   52191   35280   9872    
7309    11384   72895   97029   58707   
48190   53976   62608   47587   65937   
7246    2137    41906   26089   67729   
58961   54922   42483   10391   20507   
96241   81769   26769   21237   65444   
35003   26871   95541   71070   51494   
5893    88148   79700   32932   264     
41128   74530   39773   34991   50627   
29900   57419   84956   48511   8398    
26034   2770    66749   74224   43381   
5491    74768   20800   9051    15690   
19310   4450    96829   94807   33205   
86318   46328   80711   18504   43892   
869     34359   40409   71187   53949   
34797   91884   18685   14944   98250   
86187   802     91142   66555   74571   
6333    32038   96026   98311   10025   
72583   88793   99289   4245    78921   
74980   91245   26678   25950   18581   
33568   65263   75360   91063   78586   
98270   94132   26918   79778   7808    
48642   92962   44178   90720   19055   
37564   62767   27363   58616   7396    
77808   6886    9649    77662   90980   
59797   4225    24382   98705   78799   
44434   24988   52532   3530    5296    
68457   42627   89637   32727   10372   
34874   94773   11698   28737   33181   
9546    50548   62722   76410   79472   
96974   71425   98273   19201   86540   
46068   82313   41892   52485   41368   
83038   14526   56409   71696   69116   
54540   12960   98588   7737    56201   
68457   42627   89637   32727   10372   
94553   90746   28412   26294   11257   
85576   75569   32069   90952   57649   
88825   86607   23541   52202   76168   
34432   80469   45062   48092   71675   
96965   36803   55577   83564   86335   
20390   33685   72298   88129   34509   
58619   57451   15348   69895   55236   
58619   57451   15348   69895   55236   
37141   30144   47942   34872   81463   
63906   54441   77779   48155   60860   
11173   29496   21558   37191   21730   
71845   20879   88901   88550   8757    
76807   9886    19161   32353   10796   
7320    75399   2706    14593   4437    
87709   8041    21977   42257   80232   
30063   23091   19181   80985   9567    
537     76739   6762    77864   89282   
63936   78239   96196   93111   94241   
71120   37576   21579   61125   24566   
47095   55731   90296   3994    80175   
30790   90867   56564   34018   74444   
54495   96704   10870   99165   98172   
19310   4450    96829   94807   33205   
68457   42627   89637   32727   10372   
69537   6699    30325   29782   32069   
59797   4225    24382   98705   78799   
70176   78964   29991   40940   38727   
63773   5034    28269   39836   43683   
1577    12138   83728   2994    5823    
87709   8041    21977   42257   80232   
63922   99434   69070   6378    66535   
14796   37047   33196   36739   38148   
869     34359   40409   71187   53949   
17781   12277   43151   21328   14596   
77483   26947   21113   8449    4516    
35156   53755   64721   80291   48078   
58619   57451   15348   69895   55236   
79517   99702   69558   99359   43466   
53655   79488   44856   53344   22762   
85971   45551   95021   5418    71276   
83891   22897   28436   81217   99626   
38746   89594   27885   15020   54366   
55458   57588   93199   63202   35268   
83592   5807    91140   9419    32078   
63543   1152    10299   26764   46897   
92532   91835   78881   54126   62126   
29083   60769   35598   74105   40414   
85980   26982   86713   11825   58066   
18032   21399   7308    14845   1289    
82773   62518   26756   78056   65574   
73280   84350   98668   36281   39876   
10051   47637   48937   83047   76577   
59066   41141   79761   11286   54828   
70176   78964   29991   40940   38727   
59650   66201   62275   71360   65403   
61593   73185   60048   36003   49921   
4225    97964   64787   11508   51768   
44611   73419   6507    63220   92119   
93739   78475   4262    95344   79240   
65092   21568   36291   42203   60360   
27353   82587   80765   54161   51962   
28631   45701   26846   25687   51726   
69655   8448    53728   78179   86887   
53112   35224   98768   68643   21799   
7833    94055   36152   65778   93328   
96068   23233   27266   42575   22130   
41148   5614    66520   76609   40130   
59066   41141   79761   11286   54828   
9546    50548   62722   76410   79472   
68457   42627   89637   32727   10372   
82282   82535   20726   38948   84107   
33396   76438   11256   85308   7387    
869     34359   40409   71187   53949   
23760   34576   23239   96518   25340   
9488    70645   14479   32593   77411   
84686   3528    99041   45300   56741   
58619   57451   15348   69895   55236   
60109   86832   96151   57541   75427   
75374   60041   9348    62620   82215   
19969   97615   39242   29442   18724   
27027   42256   70586   26648   91078   
48538   11576   38029   97310   65936   
16392   67215   38012   18918   49445   
12046   1508    81973   8529    83330   
57533   2722    42349   7193    67859   
8666    38279   54743   71970   42420   
14222   18340   34934   16859   47975   
73196   696     24244   36401   78966   
63936   78239   96196   93111   94241   
74556   61507   17502   18057   55876   
21618   34708   78962   10350   24873   
58619   57451   15348   69895   55236   
96514   97230   54114   74647   45337   
69595   91707   18464   66022   94361   
71129   11990   96337   29890   6239    
95453   88423   78589   24927   10084   
571     70974   7099    75918   18088   
21274   8841    52974   79789   16482   
70176   78964   29991   40940   38727   
19859   68177   81281   28991   18758   
42805   20748   2637    6830    97143   
17534   28862   95369   65553   94128   
82728   42032   93775   94534   48131   
73803   96710   13931   7297    87708   
80388   84466   18868   75586   61124   
17375   67737   1275    73508   38581   
68788   77249   9646    55940   96006   
79712   81370   45445   44263   60269   
71118   85371   10021   77405   71242   
70176   78964   29991   40940   38727   
81785   8398    951     64163   40618   
18663   6468    47893   21227   45335   
99817   82060   95961   10690   62991   
6333    32038   96026   98311   10025   
33206   84828   18127   28425   42603   
63030   54166   60255   48771   72498   
48642   92962   44178   90720   19055   
8035    21979   44771   72155   17742   
79349   5222    50952   84418   35369   
6272    29758   96462   79480   72847   
61153   18881   24595   56046   33597   
78093   76212   24470   66618   35304   
68487   37269   10686   52835   12995   
59797   4225    24382   98705   78799   
33206   84828   18127   28425   42603   
58205   67070   50339   77326   57200   
88196   35665   33463   5670    58023   
18663   6468    47893   21227   45335   
89305   77230   22254   98987   96933   
46997   46997   466     82885   52471   
81866   15517   86062   96825   83991   
3328    86084   80624   96698   24800   
46425   17020   16938   82600   61116   
34432   80469   45062   48092   71675   
9650    56815   45750   88607   12054   
38995   61860   34654   13094   52444   
11674   36612   69794   80533   19701   
58121   13729   36000   18405   39572   
83332   6572    91600   30436   22516   
81105   66229   14078   47509   77042   
58923   44257   83091   67394   71248   
48642   92962   44178   90720   19055   
1650    97360   31007   40137   6182    
63936   78239   96196   93111   94241   
24640   62549   43367   15969   30934   
33164   85680   84696   78263   7789    
48642   92962   44178   90720   19055   
13111   92250   68413   63499   98219   
2874    15656   53384   40390   42333   
19196   12738   90682   46392   15794   
75374   60041   9348    62620   82215   
61593   73185   60048   36003   49921   
62581   73092   29201   37897   80094   
52638   97470   73096   98350   75488   
71129   11990   96337   29890   6239    
47458   70239   94285   52503   26056   
83592   5807    91140   9419    32078   
78818   5281    38584   51663   6885    
16155   75989   58860   36860   573     
1577    12138   83728   2994    5823    
75454   86512   63170   63389   73130   
74556   61507   17502   18057   55876   
74287   67071   19787   91285   39596   
39776   33359   38427   42121   75511   
4750    36136   62541   63830   3557    
18663   6468    47893   21227   45335   
46941   20391   17636   57220   73848   
68457   42627   89637   32727   10372   
59066   41141   79761   11286   54828   
75490   72204   34146   78175   60033   
75776   41863   27571   41752   79979   
22352   88339   24812   78008   13589   
4844    6882    72795   74281   62794   
10801   2943    30701   14871   54914   
89106   1489    82970   70460   80731   
11016   61614   11179   87347   71361   
14368   17286   51542   64287   69375   
68169   46132   62305   1368    91918   
99389   52988   32403   88068   842     
76821   46356   51902   58546   97343   
10839   22886   10867   21012   56915   
57335   67426   46689   59083   366     
73196   696     24244   36401   78966   
64499   74334   95096   54112   2667    
93739   78475   4262    95344   79240   
53655   79488   44856   53344   22762   
83356   6095    42952   84099   73221   
48295   88330   14190   3657    7043    
22681   5483    82857   45773   38030   
2589    92347   57187   45798   99974   
46583   27238   65548   30663   25578   
22681   5483    82857   45773   38030   
95150   2422    15886   36959   314     
74287   67071   19787   91285   39596   
10051   47637   48937   83047   76577   
21274   8841    52974   79789   16482   
20058   29006   41177   37686   11775   
28631   45701   26846   25687   51726   
28254   78635   40014   59749   61005   
59066   41141   79761   11286   54828   
87665   94010   62753   38640   74680   
54667   41514   27702   28804   46606   
80469   90166   12310   76778   37433   
25308   18868   58500   23068   87211   
62581   73092   29201   37897   80094   
869     34359   40409   71187   53949   
869     34359   40409   71187   53949   
22547   30320   13817   38971   86211   
23537   57874   22995   76955   53699   
36782   49633   22109   88053   28814   
38754   87144   67068   51854   64374   
57436   21222   48554   3518    29692   
97153   31796   49135   8771    96693   
1577    12138   83728   2994    5823    
869     34359   40409   71187   53949   
47002   96572   88375   63481   72768   
1577    12138   83728   2994    5823    
25900   30037   24022   6105    77058   
70582   58877   81676   93802   74959   
62753   96063   44238   89196   16174   
76814   60819   75341   35073   32792   
70357   79012   33056   74255   43342   
49334   81317   23483   36194   83977   
98270   94132   26918   79778   7808    
63773   5034    28269   39836   43683   
51535   18332   49653   44040   58732   
71485   85532   16641   12423   56455   
74819   77050   82189   58370   60852   
16413   57302   4660    66927   20444   
63034   37623   18073   44691   28903   
84377   48549   23869   55995   75014   
25260   87908   287     81695   42224   
571     70974   7099    75918   18088   
55109   25815   43783   43565   54785   
34458   75336   99903   24871   6081    
52870   78566   9134    5823    9426    
7246    2137    41906   26089   67729   
20229   41816   11897   12422   79845   
38657   82918   71239   12813   5479    
69655   8448    53728   78179   86887   
8666    38279   54743   71970   42420   
14203   58940   70357   20256   32539   
19196   12738   90682   46392   15794   
52849   29185   21183   31314   62563   
3450    61457   23117   96140   54772   
66831   28612   87618   49920   50888   
37772   56514   99020   1653    84114   
54675   62527   58141   41219   94269   
83124   61418   83965   54188   76822   
46538   64145   4308    11517   55626   
44424   53659   11634   84501   19493   
28779   61213   35779   85570   95318   
68457   42627   89637   32727   10372   
90369   3702    27479   23073   40136   
36243   72238   50465   43817   13695   
36664   92568   96897   46403   61082   
84445   84001   2686    37841   54640   
22860   45710   66350   40018   66813   
99283   22065   92170   5467    44644   
20058   29006   41177   37686   11775   
34432   80469   45062   48092   71675   
81120   28308   21356   76844   91169   
8666    38279   54743   71970   42420   
48538   11576   38029   97310   65936   
59066   41141   79761   11286   54828   
11306   66413   94060   50968   18621   
93547   99019   52513   26583   73061   
34874   94773   11698   28737   33181   
30460   23130   56527   94199   37161   
32245   54025   5559    43539   13576   
66118   55197   83977   91738   31156   
4129    9814    85606   23757   28798   
11674   36612   69794   80533   19701   
12145   46714   92383   60001   96149   
84578   92386   57911   43405   73179   
16751   74039   13044   49753   8088    
58616   68333   77487   76130   63787   
71968   93361   35831   80350   5928    
64716   75423   3429    61259   38774   
11248   78686   90180   47465   69552   
26478   10202   69086   63245   16654   
92974   86403   17537   68686   48984   
51593   35458   15388   46962   83267   
42147   59945   4647    80938   36438   
75374   60041   9348    62620   82215   
14276   91262   61994   3933    22535   
69943   39680   78417   61284   15100   
87709   8041    21977   42257   80232   
18255   31863   7052    45915   87403   
1712    77061   91838   85120   70281   
65138   8840    35139   48115   95330   
53655   79488   44856   53344   22762   
29080   16716   25070   37319   16458   
99389   52988   32403   88068   842     
18663   6468    47893   21227   45335   
31603   14380   47703   82129   17111   
44445   74256   63477   42502   69715   
43065   16862   7925    57495   69131   
53828   86506   306     77890   68471   
46972   24958   64661   86020   24049   
99559   91115   70613   31874   61249   
84281   16587   41012   69970   19771   
75973   47337   78721   69108   63883   
98106   5153    87135   23509   98590   
58619   57451   15348   69895   55236   
45919   13612   37411   31913   52485   
89648   45486   83993   99164   3943    
869     34359   40409   71187   53949   
52464   43597   36173   22395   15970   
99389   52988   32403   88068   842     
14565   54333   24274   378     39650   
22516   46422   81119   5421    71418   
55397   93946   33780   98258   69145   
76140   46362   27211   39891   37677   
99389   52988   32403   88068   842     
68457   42627   89637   32727   10372   
61593   73185   60048   36003   49921   
47218   19264   34075   22743   36261   
58881   328     28490   43858   28145   
44387   55625   9928    61644   61505   
1577    12138   83728   2994    5823    
68457   42627   89637   32727   10372   
29674   81039   69380   84822   54672   
1577    12138   83728   2994    5823    
869     34359   40409   71187   53949   
59716   17301   27651   12662   78438   
99186   37910   90995   17868   56565   
47384   82685   27653   93297   61708   
10051   47637   48937   83047   76577   
55042   18087   41340   25242   14202   
96068   23233   27266   42575   22130   
869     34359   40409   71187   53949   
48642   92962   44178   90720   19055   
70176   78964   29991   40940   38727   
66285   37760   78184   18404   59443   
68457   42627   89637   32727   10372   
35016   95639   73228   80716   87990   
63195   48115   52898   3645    67801   
81148   15676   61017   17842   68316   
58619   57451   15348   69895   55236   
18456   98595   22738   65186   88533   
68155   39534   2294    25641   64793   
58881   328     28490   43858   28145   
83909   19236   38189   90747   99451   
40514   89883   55760   5850    40677   
22352   88339   24812   78008   13589   
9068    8295    54862   15564   8609    
10054   45894   181     39767   90101   
11248   78686   90180   47465   69552   
1577    12138   83728   2994    5823    
68457   42627   89637   32727   10372   
69213   95468   73324   4459    67067   
869     34359   40409   71187   53949   
33206   84828   18127   28425   42603   
61593   73185   60048   36003   49921   
53112   35224   98768   68643   21799   
74556   61507   17502   18057   55876   
1229    40167   1908    79468   12775   
74556   61507   17502   18057   55876   
68457   42627   89637   32727   10372   
69935   30973   7570    28479   49811   
45680   53099   97342   15228   94894   
23369   39356   81501   4209    36093   
6333    32038   96026   98311   10025   
44467   99587   36997   32946   19648   
23851   75929   45147   33694   36753   
4001    69364   65330   68800   72377   
99817   82060   95961   10690   62991   
1218    25980   53030   93438   81909   
47227   56547   59143   46998   27580   
94721   18010   76847   97569   30678   
97675   91460   18664   4355    11006   
81914   99174   96860   42243   48345   
78599   93466   95351   22119   57762   
40514   89883   55760   5850    40677   
61593   73185   60048   36003   49921   
19310   4450    96829   94807   33205   
74303   28737   71428   53593   36554   
60274   27612   57220   90076   42926   
74556   61507   17502   18057   55876   
13045   85974   54261   36677   3434    
11173   29496   21558   37191   21730   
44445   74256   63477   42502   69715   
8948    33793   37088   90521   16154   
73682   95643   46391   1146    50443   
54417   62873   3251    28316   89389   
79425   672     16550   40609   80770   
7691    95517   88038   68069   12330   
70341   65485   50243   82854   8224    
18166   76039   65678   28167   44436   
11173   29496   21558   37191   21730   
20058   29006   41177   37686   11775   
41435   95276   98451   46743   79815   
25308   18868   58500   23068   87211   
83522   55909   34942   17231   35493   
25900   30037   24022   6105    77058   
25553   84220   68463   40604   24584   
74351   81794   82665   7883    82432   
58619   57451   15348   69895   55236   
47490   31333   86474   27643   79515   
56418   79165   22526   96280   76612   
68457   42627   89637   32727   10372   
99631   42069   35950   42954   3716    
13045   85974   54261   36677   3434    
81785   8398    951     64163   40618   
63123   66488   86250   15312   16501   
11173   29496   21558   37191   21730   
92620   87277   26579   47054   35912   
59997   83074   50104   4346    68419   
87709   8041    21977   42257   80232   
52799   50394   65785   52235   62696   
96939   91722   26195   29836   25297   
63773   5034    28269   39836   43683   
41672   38978   3137    78422   38036   
68506   38285   22815   34145   32358   
86094   60503   28291   41530   40010   
59550   98566   73938   54460   81578   
33206   84828   18127   28425   42603   
19310   4450    96829   94807   33205   
84282   90093   20712   32054   33626   
40326   8420    69620   71411   18478   
54733   2703    94676   7613    15987   
66823   62252   7956    94038   80911   
79653   75747   63692   75450   42230   
869     34359   40409   71187   53949   
81105   66229   14078   47509   77042   
93739   78475   4262    95344   79240   
78020   96447   24750   44151   9791    
20356   28492   76812   54450   5276    
98967   6153    12023   31259   12011   
20058   29006   41177   37686   11775   
19219   94955   5357    93646   33105   
71155   79932   94131   34291   84796   
69537   6699    30325   29782   32069   
70994   79917   27406   17466   10561   
68457   42627   89637   32727   10372   
14417   79360   77363   91113   5176    
70176   78964   29991   40940   38727   