4930    28619   
56338   33592   
45554   36404   
14846   32393   
23533   38811   
62528   41218   
87044   80212   
19158   87730   
28144   32396   
14740   64121   
4954    10525   
98635   60651   
85306   22895   
83914   35361   
76335   40689   
10642   71466   
37043   50688   
94848   48271   
14712   34107   
76059   87246   
63363   549     
78610   60141   
77006   91156   
47197   53309   
73330   49931   
55199   74653   
61173   11282   
39075   83069   
2596    73513   
26619   63356   
86977   60778   
56689   96805   
18868   41642   
10077   21957   
22146   87707   
82296   84722   
25039   15736   
5056    35956   
15792   2209    
23966   76578   
90588   79916   
77644   1039    
45365   97679   
48261   89736   
11682   54403   
36181   72228   
75212   23276   
67648   54359   
42991   34271   
64418   63040   
14934   62801   
4251    46147   
93212   11741   
62293   17461   
28500   99165   
36019   9711    
7487    30220   
34041   71706   
36019   9711    
26553   83616   
83130   28120   
63860   12429   
49578   49634   
25671   76737   
88098   43303   
39682   64677   
69753   5025    
24440   64493   
82801   22750   
76663   69373   
5650    51328   
45554   36404   
1891    62191   
41170   4890    
36711   54939   
98749   6862    
45110   22530   
65135   52938   
2877    91803   
4219    20462   
4029    75845   
87253   37613   
78463   82544   
70066   23313   
72605   53832   
6530    45222   
72605   53832   
16682   75949   
59395   65430   
94576   21215   
10077   21957   
90864   74307   
98749   6862    
17307   24277   
71876   17224   
46526   21430   
45669   37615   
14712   34107   
43123   25703   
36059   38137   
68572   49793   
40196   52892   
20195   67420   
7135    71069   
25466   31450   
98817   97436   
84268   35628   
5169    21971   
41918   73418   
47684   84955   
12617   54610   
53457   26729   
7053    44325   
2596    73513   
83827   52907   
42548   23045   
41119   6405    
57509   79702   
57113   70149   
3720    18635   
56586   52861   
23446   13880   
88303   72359   
26619   63356   
3974    35602   
68513   9734    
87865   22358   
32114   94176   
22054   91169   
36019   9711    
32285   44093   
67717   94439   
89105   89441   
42027   38905   
52683   20851   
49235   12206   
79198   10195   
89713   45872   
15882   28285   
50649   15597   
33972   62027   
41236   81255   
35911   37935   
71269   45734   
62343   70928   
15882   28285   
69685   30936   
79725   79077   
82801   22750   
53719   82258   
2116    51755   
27249   48453   
64766   60288   
86154   69889   
36059   38137   
46515   68601   
1891    62191   
7487    30220   
76663   69373   
78271   87209   
25577   2630    
53719   82258   
74508   81596   
76432   96013   
9064    14250   
99171   84981   
32181   18861   
96265   72902   
8958    85540   
36059   38137   
82801   22750   
47129   98359   
40766   9901    
36019   9711    
69205   85408   
36059   38137   
12819   18472   
56689   96805   
4301    50991   
92773   90306   
36019   9711    
84268   35628   
19145   13062   
20998   45205   
62343   70928   
93778   40598   
97202   13623   
82801   22750   
23446   13880   
93212   11741   
74941   43963   
19594   37169   
64108   57939   
46657   97260   
68186   32585   
30873   63068   
2397    20389   
65087   22771   
63935   93611   
94039   31486   
72630   99702   
36059   38137   
11250   77908   
26619   63356   
5169    21971   
62019   59838   
89490   12355   
17580   84787   
65135   52938   
54212   6094    
94216   74137   
40685   97202   
37043   50688   
62528   41218   
23446   13880   
40766   9901    
34512   22533   
4833    28343   
2116    51755   
99510   64768   
62343   70928   
26619   63356   
80822   43505   
7191    49813   
36059   38137   
94638   50801   
36059   38137   
899     34090   
88786   90366   
93212   11741   
80960   94341   
42027   38905   
25091   89911   
45554   36404   
23879   33709   
82041   33361   
15644   33165   
21954   94986   
98817   97436   
36019   9711    
82693   96500   
15792   2209    
61770   22277   
26619   63356   
62528   41218   
47816   16209   
48261   89736   
15207   89677   
27251   90742   
34512   22533   
81142   62422   
48261   89736   
99998   25813   
6322    62117   
74508   81596   
36059   38137   
57482   24246   
5832    67219   
23446   13880   
45554   36404   
20689   43145   
44627   88918   
8510    46479   
36059   38137   
60162   22879   
12022   45386   
36059   38137   
84641   62485   
41236   81255   
10421   67104   
31092   89367   
16228   58321   
52371   67469   
76059   87246   
35087   77071   
46164   75386   
38645   26450   
57789   44313   
89579   69812   
73192   6257    
50639   57927   
36059   38137   
87272   91636   
82041   33361   
36059   38137   
36059   38137   
76736   64952   
47684   84955   
58295   17266   
12112   3747    
40628   52925   
36059   38137   
26000   34992   
61647   15782   
55993   97083   
11443   71968   
69931   98744   
72039   26263   
16682   75949   
49955   92070   
51349   16153   
16452   9152    
71200   86558   
6489    34504   
27787   59395   
49512   46408   
36059   38137   
37121   33624   
19171   73924   
97794   45325   
15553   31195   
61770   22277   
43309   42235   
85414   20865   
76859   59182   
29704   31641   
20195   67420   
11288   99699   
68186   32585   
80627   2659    
96265   72902   
2032    96204   
8117    25733   
71200   86558   
78669   71747   
94822   84236   
50087   15316   
89579   69812   
91280   10688   
38243   28833   
72242   80322   
2577    40072   
36059   38137   
52124   72313   
78065   75446   
89579   69812   
62293   17461   
66553   82480   
72316   39573   
51617   57474   
76433   90152   
70193   40201   
61077   47716   
73531   77792   
68572   49793   
7487    30220   
31049   87174   
84961   7754    
81987   7243    
26553   83616   
37771   2118    
31655   25765   
23446   13880   
79315   16786   
16095   48220   
95904   34273   
36059   38137   
64702   17334   
55993   97083   
39713   64811   
73531   77792   
68572   49793   
35646   76746   
58263   32719   
14740   64121   
31655   25765   
4870    63178   
27371   8575    
31655   25765   
94238   2184    
36059   38137   
3677    53403   
556     92329   
82837   17612   
36019   9711    
84829   32619   
55355   25567   
38148   63160   
23446   13880   
23446   13880   
38951   34594   
69133   22258   
13023   77352   
67499   9541    
50378   70676   
5169    21971   
20096   88459   
95762   892     
36019   9711    
48716   3040    
47067   77473   
62528   41218   
38951   34594   
44247   99848   
32114   94176   
33676   81125   
9098    6756    
98969   67698   
55554   59508   
73185   39207   
47161   88152   
89462   62026   
25227   36575   
86803   7014    
59953   63279   
29704   31641   
84268   35628   
13785   98089   
15792   2209    
36742   25036   
73434   87639   
73906   38202   
90864   74307   
8094    92734   
7191    49813   
12443   53165   
25187   22468   
22054   91169   
36181   72228   
26553   83616   
62343   70928   
76084   19976   
83497   88495   
23446   13880   
44247   99848   
7487    30220   
10642   71466   
27249   48453   
94871   95079   
50938   42298   
54640   63396   
36059   38137   
44547   82396   
23446   13880   
99510   64768   
98817   97436   
77079   12188   
25671   76737   
54321   8985    
38243   28833   
69753   5025    
36059   38137   
76663   69373   
51780   55952   
14846   32393   
73434   87639   
24735   81917   
61647   15782   
14740   64121   
42600   36848   
67461   13618   
93999   7439    
32053   11899   
22296   79291   
23446   13880   
73531   77792   
87044   80212   
92405   40566   
36059   38137   
78061   86500   
64108   57939   
85414   20865   
15013   8644    
18613   38446   
7825    25272   
17360   61804   
78271   87209   
26553   83616   
51409   7787    
64716   44236   
19715   89653   
19682   22650   
6489    34504   
25577   2630    
56383   67655   
52545   41095   
73585   27667   
65782   46412   
73572   95536   
55182   79421   
89105   89441   
73695   66876   
53655   72800   
83246   51158   
80822   43505   
41170   4890    
10144   53644   
83497   88495   
17853   37515   
4251    46147   
36059   38137   
25172   17499   
72435   95633   
4439    81045   
34980   25547   
48261   89736   
61647   15782   
93212   11741   
23446   13880   
51349   16153   
44627   88918   
71362   61657   
20089   39619   
10565   79623   
46633   81664   
90864   74307   
53807   53053   
99439   99866   
69789   47955   
36059   38137   
37736   33328   
15882   28285   
26553   83616   
89105   89441   
25187   22468   
19942   77920   
29463   31827   
84268   35628   
50604   78477   
74524   78022   
34734   21870   
36059   38137   
89105   89441   
36059   38137   
29214   81774   
5501    46480   
23446   13880   
73434   87639   
83914   35361   
83130   28120   
23446   13880   
94019   8848    
76433   90152   
62758   46149   
67592   96930   
65157   77575   
99171   84981   
78694   51306   
16452   9152    
36413   48823   
82041   33361   
90588   79916   
9263    48103   
32285   44093   
13240   6617    
76084   19976   
30191   58946   
45554   36404   
14740   64121   
70231   78718   
27770   45161   
38729   30642   
93212   11741   
42224   88836   
58755   15713   
96860   73234   
68727   43908   
76433   90152   
38445   73008   
2116    51755   
15792   2209    
80493   89730   
44595   94790   
19021   47651   
42510   33968   
92795   69774   
31105   36451   
75434   6475    
22272   52153   
2877    91803   
9577    92239   
55306   75140   
23446   13880   
75466   96461   
78304   85727   
92859   64356   
9349    55441   
67166   80888   
8340    8416    
22528   74975   
54236   1796    
49823   36679   
16642   11315   
23446   13880   
77079   12188   
56507   18039   
43309   42235   
83724   27512   
46013   17124   
11000   73628   
11288   99699   
14582   87525   
36019   9711    
57482   24246   
36059   38137   
9098    6756    
23673   65900   
60681   31840   
49512   46408   
25039   15736   
36742   25036   
33793   91917   
76433   90152   
90925   33618   
84268   35628   
51349   16153   
4219    20462   
68670   13024   
37983   48604   
69655   50227   
16769   94890   
72883   54206   
4451    45221   
23446   13880   
78271   87209   
25227   36575   
77055   2450    
60162   22879   
53719   82258   
40352   74735   
36059   38137   
78065   75446   
33667   63203   
13069   29820   
7191    49813   
53168   28440   
33386   86341   
86627   21895   
23446   13880   
78271   87209   
43084   97243   
90651   51013   
5650    51328   
56383   67655   
37714   3995    
42502   19433   
84767   39611   
88834   54788   
58961   58392   
74653   44864   
19785   25215   
67461   13618   
31551   20691   
6306    57961   
97267   48131   
38148   63160   
18613   38446   
51797   98168   
23966   76578   
67763   89978   
91250   43040   
68670   13024   
98408   34492   
5650    51328   
94019   8848    
62751   10154   
31895   99682   
51044   17133   
10352   56557   
16740   62052   
10800   33281   
23961   93874   
8820    24418   
86327   61994   
41951   32126   
62758   46149   
25671   76737   
91280   10688   
10352   56557   
49578   49634   
79284   70936   
99510   64768   
23446   13880   
62602   22824   
65782   46412   
59241   52714   
92452   97165   
7191    49813   
51339   47249   
25131   31177   
30877   93598   
16740   62052   
62343   70928   
41546   96806   
30171   88689   
41170   4890    
48572   52942   
35646   76746   
94613   50351   
62343   70928   
60162   22879   
44247   99848   
7172    47464   
10312   25068   
21315   1202    
46164   75386   
42548   23045   
23446   13880   
56383   67655   
23446   13880   
26649   16381   
7191    49813   
88786   90366   
30191   58946   
73315   2691    
78061   86500   
19682   22650   
18159   81209   
14740   64121   
76663   69373   
94019   8848    
15882   28285   
27371   8575    
62226   92721   
4439    81045   
11443   71968   
27067   9770    
25172   17499   
37121   33624   
10991   64388   
93212   11741   
8511    46305   
16642   11315   
98749   6862    
34734   21870   
25577   2630    
98817   97436   
83497   88495   
23673   65900   
34192   97146   
74846   36820   
41708   53995   
25755   8047    
36059   38137   
91250   43040   
84268   35628   
92041   79728   
86210   41859   
61647   15782   
68982   57632   
16095   48220   
45757   61180   
50604   78477   
73031   95207   
69037   9905    
7572    61972   
55229   19330   
36059   38137   
57789   44313   
41236   81255   
32001   42995   
22272   52153   
37261   8235    
14568   13382   
26553   83616   
97018   14345   
73434   87639   
20689   43145   
63363   549     
31364   34032   
40347   92322   
6322    62117   
40431   67628   
64286   53435   
86738   61564   
77058   84778   
75676   42477   
38951   34594   
25577   2630    
18339   4785    
52683   20851   
2049    54987   
84268   35628   
23966   76578   
22272   52153   
87253   37613   
91735   70507   
26649   16381   
16740   62052   
57950   1791    
27371   8575    
8168    87755   
84268   35628   
21847   14305   
96811   91259   
57789   44313   
63363   549     
57446   46596   
10642   71466   
86236   64696   
78304   85727   
57224   8343    
41170   4890    
46164   75386   
14337   26465   
76663   69373   
57446   46596   
41464   29334   
36055   10181   
36059   38137   
15792   2209    
44247   99848   
95325   20677   
72082   29626   
68589   62849   
41236   81255   
89258   54723   
89639   27276   
65135   52938   
56678   97144   
7825    25272   
26991   3069    
91954   58112   
1621    81827   
45581   19024   
95958   74237   
86236   64696   
89258   54723   
21191   11755   
40685   97202   
36059   38137   
67557   29216   
95217   94559   
1621    81827   
14568   13382   
46297   25192   
58593   25307   
8915    85677   
46217   71441   
46013   17124   
62528   41218   
38951   34594   
43208   2837    
83130   28120   
2049    54987   
26553   83616   
36742   25036   
36059   38137   
68670   13024   
18480   27810   
56338   33592   
28914   8412    
13358   6145    
48829   54391   
36019   9711    
38148   63160   
92948   59956   
55160   40421   
62528   41218   
76915   60714   
57466   61487   
86977   60778   
92773   90306   
38003   38922   
46013   17124   
9677    79950   
6641    93091   
32000   21833   
30191   58946   
64643   30156   
13923   37705   
34897   38190   
82886   66570   
4847    71834   
34897   38190   
86501   12879   
36059   38137   
36059   38137   
32268   27513   
82801   22750   
21858   24083   
93212   11741   
24564   86047   
27787   59395   
41561   74554   
6208    42609   
89579   69812   
27920   27091   
74846   36820   
46426   73568   
18159   81209   
63890   27518   
38243   28833   
92016   53433   
1621    81827   
19785   25215   
23446   13880   
7825    25272   
25577   2630    
78872   96888   
51349   16153   
36413   48823   
47684   84955   
29558   34693   
88993   16031   
93359   39694   
13069   29820   
36019   9711    
63066   46083   
46999   43229   
36059   38137   
56702   57604   
56338   33592   
46164   75386   
49668   72566   
51780   55952   
5776    44133   
25577   2630    
65135   52938   
20732   79028   
83130   28120   
68727   43908   
42027   38905   
78061   86500   
10410   86049   
88993   16031   
17837   6306    
46013   17124   
32911   59769   
7172    47464   
14740   64121   
9577    92239   
94871   95079   
78304   85727   
4130    75139   
36059   38137   
83130   28120   
37453   85605   
69147   50490   
45554   36404   
94546   99752   
69753   5025    
29593   24081   
10815   82507   
23966   76578   
36059   38137   
3290    97210   
23446   13880   
3070    42432   
18604   5460    
23446   13880   
51339   47249   
99131   25441   
11735   89902   
43638   97767   
49578   49634   
46392   96515   
23446   13880   
36059   38137   
90864   74307   
36019   9711    
53719   82258   
71123   95855   
23446   13880   
45365   97679   
43123   25703   
96029   8715    
7825    25272   
96631   75864   
88401   56860   
16452   9152    
2397    20389   
8787    81233   
81125   22505   
52307   73250   
83497   88495   
10546   46776   
20354   6589    
96754   38999   
23446   13880   
72538   75016   
63589   20045   
41546   96806   
31098   89055   
25791   14825   
16032   92943   
43728   14102   
99510   64768   
88811   43062   
46444   85147   
62443   97670   
20195   67420   
53655   72800   
19145   13062   
81987   7243    
69913   96222   
45554   36404   
14740   64121   
71123   95855   
49512   46408   
98408   34492   
56338   33592   
98384   79604   
79212   27074   
84177   26442   
83497   88495   
82645   7109    
60162   22879   
58593   25307   
45554   36404   